# Created by Octave 3.8.0, Thu Jan 31 07:47:22 2019 CET <nordinhaouari@Nordins-MacBook-Pro.local>
# name: v
# type: matrix
# rows: 1
# columns: 10
 -0.8718465202473622 -5.787260414921668 -1.747248826364335 -5.109601097259308 -10.77407881900298 -6.724808517823199 -7.936337342394914 -7.072571833956489 -4.88679431517077 -7.567494768081534


